Logistic Regression:
    All Data:
        [1.0, 0.5625, 0.9375, 0.875, 0.75, 0.9333333333333333, 0.8, 0.9333333333333333, 0.9333333333333333, 0.8]
        0.8
    All Sentiment Removed:
        [1.0, 0.6875, 0.9375, 0.875, 0.75, 0.9333333333333333, 0.8, 0.8, 0.9333333333333333, 0.9333333333333333]
        0.9333333333333333
    Just Compound Sentiment:
        [1.0, 0.625, 0.9375, 0.8125, 0.8125, 0.9333333333333333, 0.8666666666666667, 0.8666666666666667, 0.9333333333333333, 0.9333333333333333]
        0.9333333333333333

SVM:
    All Data:
        [0.875, 0.8125, 0.8125, 0.875, 0.6875, 0.93333333, 0.8, 0.8, 0.86666667, 1.]
        0.8462500000000001
    All Sentiment Removed:
        [1., 1., 0.9375, 1., 0.875, 1., 1., 0.93333333, 1., 1.]
        0.9745833333333334
    Just Compound Sentiment:
        [0.8125, 0.9375, 0.9375, 0.875, 0.6875, 1., 0.86666667, 0.86666667, 0.93333333, 1.]
        0.8916666666666668
